$ANSIBLE_VAULT;1.1;AES256
66613438636634613062643964373331633330636561306536653937633838666135666537393763
3431373765363231363635363664333361666230303561360a306463336433383139306465356665
66656638363635353139353833653037396630383064643536633634343530366237653461656633
6631356130623034640a666130373864323561373032373536376236663735306664666536623134
33383533396237303037306530633639343635616563366466346232326638643332313266613466
38666634343466306536323936663639613536336530393035626332626334363066373861653335
64653134363564393232383833663266306638353163613938316236353563663562396536653764
35346561653736343362633336336362646431623462363632353638366162323166303834643636
36663234656664646136353535373166623330633136643066306265316430343531613938373337
64663762633462303930333437656431333336633139376638323831383939373733376462376438
36616438653931643231326262623430623466333938643035316435363432633663643133643939
66633736336265306534353864393936333130343739336430376464626532303365653834363732
66323536386465363335393839623230316666366539383833353832306364356566373264373038
63343566373866336464343338363935656364356130623635306333346138653235393333316336
34366535376432353837316366343834656637306433646532663431376261343433623531613461
30613539336636373239623362393937633937636333393036323631303432393233333739336337
66396631656338303139616362383733353661363438343064306363376431336330323930353863
38326436323361356539643138336338333831336131383464616335373464343334613831323861
35653231386633323166643933353261316238656461363836323237306664633864376331613730
38336237363763656536393562633330366432363861633233393739626265343732613130633832
61303539663838353336363433656437376333616133656534623137306364366639356434653733
62643863306163666362383065393065343535323463316331313264646438653561333264303561
33323062353430346262336562343662653561383336663730373333316334616538386663663632
63376337343635643865323461613038626365373637623732376637323839303132643030616332
37353162333835303735376437393837373463353663646435333166663061653365636532663161
32616562306639323764626262653562616665626662373838356162646634316466666164643762
38343034666630646465666235346365656264626137346262396465636533643735393466303562
62303532616234386337643431346338363164656464623065353530326263613130643463316436
38666536336561303261663836346634653635313139666233626464636136386163323064366661
39313436303861396466306636613730613266303263643032393537623035386632626634373735
34333861653861636664633161383139386361383434666233383363643738343738306461623234
61636530656264343534303633323765393533373731376535363263376331626339646563633333
66346665613839366531663836306136303162363630363939313535616636623537623732623163
65323966633637363866356433396237646338326261376264386136653237663037653262356131
32343662656531343431353565616630363039303630353734313336383363396463383562313265
39623535353163613663333662616463313831656136343163353064653361646237643632343462
30393466326336336136643332636638313365666539633266383938336238396239333237666262
66376366343438623465666337326166323262373765343166336562366536343561306434333336
37336564326535626531303034653033633435353631613038393233653637646139613437653835
63633763623431396539316438353238383530653535306561306664333839393335646562613966
30303432336635663237653563373862313732303932303130643264646363383361373562613962
39633435383239666534393934653263653832643935346330316333653934323236396262383637
62363065353036313361316563306638643736333630653965626536303864626130393763653637
62653435326634396564336532633332346638613664343332633937336661663561636462633764
33366531623638323338613031343633356139636437396439623765373335653361353764353837
62313336653238663065366362653263653633363235396564346664613863386162383563643365
38643336376462613733363533356434346137323866303239366132353034333764616461616436
34356335313166316635393331616236623731303762363164333935616631616262336432353362
6230
