$ANSIBLE_VAULT;1.1;AES256
63643338366461393334303132313063303532333366353566346136616161393538316464656430
6666383130396230353039623837333030306230333732370a653631313864323363376565663862
37323766313433303736623736623265636534363062613064326233353461303539653038613161
6563326164623938650a653939666439326339366139346635663136326366653532316339303063
31656435633334646263373332646437376365633161613733633863646531633632363935396466
36303630316538393430366431323132363462306237616664386464313539306365316435313365
37663132623061316230376533323839333965383963376530626665636665303531656665306136
61626561363138323262353035633564393438336437636230626532353732376162303036383438
65306565666339303362666539623136613664366430323465386532326363643766336662636331
64353633303834656333656634346431633136636530383362613935646535636634666666313032
38313338616339336138386431326231653365333264316536336537323364356362626639616335
66656432303732666365383766306237633763373165613039613761613166396636383565383563
39376636363039356431373865333233613531316435646536623563373964386134333238376663
34623365373032663230306439393839346461393964613132396566323163363035353430636664
36313832323763623532386136316530643862343962653465343239343134373366363038306536
34346133393133306430313037623035396661643437396464373033656333323065623764623537
65623761633265343162353132323831353562316530343366366530626661386265376531346432
63313730393237333662376662363466336533343033396538343366656433646439373632303930
64613866643337316564666438353434616163326562663332376336663936643334306336373630
66376663663764653039343631376136656331363536393365383864633563346363336566376236
32626535373062346135396261386564346266646539316135343863376630313137383030613861
34353533363239663061343937663036613531323031663432303565316164663333376166616332
63303661623938636235363738623139313437323963343762383964373963343532663333393537
64333135376161623561653364653131636135396131386635316438303132626132316539663033
64343761336162323939396333313163343663656335323264653034343631396464633161336166
39363833643362653463353637663832393766666434333863393662613034393737656336643835
35333965666235323136623832613636306134376637643663623662376630616163396361383233
30336635623936383338383531646130376463663539383761663039616266386137323566663835
37393066326266643961653663623466646266623238343135633863356137343231376264346539
35353062396364663137363338353433396266656534386261346631383936653431343635633037
65633366353535393233366432376534303562653466336439376262396662663263646531663265
36656530353834646333626633663666636534376666336462663430376236343835313765633130
65653262333065633836383262383039393966643966333532376364633863336536333133343333
63366331373733636364303964636461353266663538636464656631636166663763313438643439
37393465656632336236316334663038626264303535643134663832343739373262633937333635
34333636326636613938383935646261336637386435656266663935633363376232623637323566
30383038393962373262323335353461356164353363653038323465633565633435373339356563
30303364613964626533376566313161326332376333383037333437373032323562646336663463
39326439303432383338366330656135313630363035626166323963386238316266333634336434
34626338656238383463363835656261663337626163373666663865373562393535653339396664
63386163633331356362333530633635316463316135613361326339366438613534656330623665
65313234376439626537323165393334316132333932373632663139333534396338353835633764
61306633623739653831396233393963653430653634386261653533613236316339653964333864
39316262663532393639326632303361333331393033323136333430626464623063326232653234
35623865373538316435616133323866343961356462346363383533393366333038383339393736
38643066636137333130366364623436663736346264353231343738636437643063336365363663
30653935643163643339373963616361623236336134633331346231353366663835323730393031
37336433626338343265633066303737646232326433303733323931626662373838323630343066
34663239363961623738336662633466643733383231613533393836393362323666663938366131
38383164616138333462396465663330336538646334373863666537303865313932313733323738
38626464613262346362653231306632353962313332343730313639623230633663376538376434
63366539346562346662396163343564366136396532376538333131366131666131626561396433
35396531653331656465633330393166366461353037363565356566316436643266
