$ANSIBLE_VAULT;1.1;AES256
66613930306136393463346361333237303739663562353831353361343165383466313064653166
3035363562363665663637343638363634303939643536620a613664653038666138326137623138
32623061393536633837393039386634313331303937623436336161666663303931393633633739
3139376133653738360a306633346635383266313039373765636365633437376130333263616562
35616661363565313265613264653263666437316339326436356530616233383830636366353831
36656662666366386433616130366663366139623730303362633037353737343665643334336630
65386363646635363434633239346437326665643533393639333230666437633861663563613234
34316462343663393132306133633833623136626538613539373933393835383864373134373937
34656137303539636333373363623336326465333263303933383134383363346661383364626164
33303463343335303539326539666262623238633535306432643861356633313030633164313834
333766336365656333383732626539336265
